0 1 1 1 1 1 1 2 2 5 5 4 5 5 4 5 5 4 5 6 6 6 5 4 3 3 3 2 2 2 1 1 
0 2 2 2 2 2 3 3 3 5 4 5 4 7 6 6 6 6 8 9 9 8 7 6 4 4 4 2 2 2 1 1 
0 2 2 1 2 1 2 1 0 2 1 0 2 3 5 5 5 5 8 9 9 9 9 8 6 7 7 5 4 4 3 1 
0 2 1 3 4 3 2 3 0 0 -2 -2 1 1 0 5 5 5 8 11 12 12 12 11 7 8 8 5 4 4 3 1 
0 2 2 3 3 1 -2 -4 -7 -6 -7 -8 -7 -5 -6 0 -1 2 5 8 13 14 13 12 9 10 10 7 5 5 3 1 
0 1 2 4 2 -2 -5 -6 -10 -10 -10 -10 -14 -9 -10 -9 -4 -2 1 5 9 15 14 13 10 11 11 8 6 6 4 1 
1 2 2 3 1 -6 -8 -11 -12 -18 -16 -18 -19 -24 -22 -22 -14 -10 -4 -4 5 10 14 13 11 13 13 10 7 7 4 1 
1 2 2 2 -2 -9 -13 -13 -20 -18 -24 -24 -25 -28 -30 -31 -28 -19 -14 -5 -1 7 11 15 13 14 15 12 9 9 5 2 
1 2 2 2 -3 -9 -14 -21 -20 -27 -25 -28 -28 -30 -35 -37 -39 -36 -21 -11 -7 -5 4 11 14 14 14 11 8 8 4 1 
1 3 2 3 -3 -9 -14 -19 -27 -27 -28 -29 -34 -38 -43 -45 -47 -45 -36 -26 -15 -8 -6 6 8 16 15 12 9 9 4 1 
2 2 2 1 -4 -10 -14 -21 -27 -30 -29 -35 -40 -41 -42 -48 -49 -52 -46 -36 -29 -20 -14 -6 6 11 16 13 10 10 4 1 
4 7 6 8 4 -5 -14 -18 -24 -26 -31 -37 -39 -41 -48 -53 -55 -56 -55 -41 -39 -35 -24 -13 -4 6 11 14 10 10 5 1 
4 7 8 7 4 -2 -7 -19 -21 -24 -31 -34 -38 -45 -50 -57 -56 -59 -53 -49 -46 -43 -39 -23 -11 -6 5 10 10 10 5 1 
5 7 9 11 5 0 -5 -14 -20 -26 -33 -34 -44 -49 -54 -57 -63 -64 -59 -51 -51 -50 -47 -33 -21 -13 -6 4 4 10 5 1 
3 7 8 10 9 4 -5 -15 -22 -28 -34 -41 -48 -55 -55 -62 -64 -64 -57 -52 -53 -54 -52 -38 -29 -17 -9 -6 4 6 5 1 
3 7 9 10 9 4 1 -7 -19 -29 -35 -41 -48 -52 -58 -62 -62 -60 -57 -51 -52 -52 -51 -42 -28 -19 -14 -6 0 5 4 1 
3 6 9 11 11 9 5 -1 -9 -25 -31 -41 -46 -53 -56 -59 -56 -54 -50 -50 -52 -50 -48 -39 -29 -21 -16 -9 0 2 2 1 
1 4 7 11 11 10 7 4 -4 -9 -22 -35 -44 -46 -50 -50 -51 -48 -50 -47 -50 -48 -45 -36 -28 -21 -18 -10 -5 2 0 -1 
1 4 7 11 14 13 11 4 4 -1 -15 -27 -32 -44 -43 -45 -46 -49 -48 -46 -47 -45 -41 -34 -26 -19 -17 -12 -6 1 0 -1 
1 5 7 12 15 18 15 11 5 -1 -7 -21 -30 -38 -42 -44 -45 -48 -47 -43 -45 -40 -37 -31 -25 -18 -18 -13 -4 0 -2 -1 
1 5 7 12 14 17 19 14 13 2 2 -10 -22 -32 -38 -42 -43 -45 -44 -41 -38 -33 -28 -27 -20 -16 -17 -12 -2 1 -3 -3 
1 5 7 12 14 17 19 19 18 12 5 -4 -12 -29 -36 -40 -42 -43 -41 -36 -34 -27 -26 -24 -18 -13 -15 -11 -4 -1 -2 -3 
1 6 8 11 14 17 19 20 22 18 13 0 -6 -17 -26 -30 -36 -37 -35 -31 -30 -28 -25 -22 -17 -17 -15 -9 -5 -2 -1 -1 
1 5 7 9 13 16 18 19 21 22 13 10 0 -9 -18 -26 -27 -32 -31 -28 -29 -26 -24 -20 -19 -17 -16 -5 -7 -4 -2 -1 
0 4 6 8 11 14 15 16 17 19 19 13 8 -6 -12 -16 -20 -26 -26 -22 -23 -22 -21 -22 -19 -16 -10 -8 -9 -5 -4 -2 
0 4 6 8 11 13 13 14 15 17 17 17 12 4 -6 -9 -15 -19 -20 -17 -19 -20 -20 -18 -16 -8 -8 -6 -8 -2 -2 -2 
0 4 5 7 10 11 11 12 12 12 11 11 13 8 2 -7 -8 -13 -12 -12 -14 -14 -15 -12 -6 -6 -6 -5 -4 -2 0 0 
0 3 4 6 9 10 10 11 11 11 10 10 12 11 5 5 0 -2 -5 -4 -4 -4 -7 -7 -7 -6 -6 -2 -4 1 -1 0 
0 1 2 3 6 6 6 8 8 8 8 8 9 9 9 6 4 -1 0 0 -3 -3 -5 -5 -5 -3 -1 -1 0 0 1 0 
0 1 1 2 4 4 4 5 5 5 5 5 6 6 6 6 4 2 1 1 -2 -2 -2 -2 -3 -2 -1 1 -1 1 1 0 
0 0 0 0 1 1 1 2 2 2 1 1 2 2 2 2 2 2 1 1 1 -1 -1 0 0 1 0 2 1 1 1 0 
0 0 0 0 0 0 1 2 2 4 3 4 4 4 3 3 3 2 4 5 5 5 4 3 2 2 2 2 2 2 1 1 

